uint8_t Level_03[] = {
{ 0, 0,  0, 0,  0, 0,  0, 0,  0, 0,  0, 0,  0, 0,  0, 0,  0, 0,  0, 0,  0, 0,  0, 0,  0, 0,  0, 0,  0, 0,  0, 0,  0, 0,  0, 0,  0, 0,  0, 0,  0, 0,  0, 0,  0, 0,  0, 0,  0, 0,},
{ 0, 0,  0, 0,  0, 0,  0, 0,  0, 0,  0, 0,  0, 0,  0, 0,  0, 0,  0, 0,  0, 0,  0, 0,  0, 0,  0, 0,  0, 0,  0, 0,  0, 0,  0, 0,  0, 0,  0, 0,  0, 0,  0, 0,  0, 0,  0, 0,  0, 0,},
{64,64, 74,74, 74,74, 74,74, 62,62, 72,72,  0, 0,  1, 1,  8, 8,  1, 1,  9,10,  0, 0,  0, 0,  0, 0,  0, 0,  0, 0,  0, 0,  0, 0,  0, 0,  0, 0,  0, 0,  0, 0,  0, 0,  0, 0,  0, 0,},
{64,64, 74,74, 74,74, 74,74, 62,62, 72,72,  0, 0,  2, 2, 12,12,  2, 2,  2, 1,  0, 0,  0, 0,  0, 0,  0, 0,  0, 0,  0, 0,  0, 0,  0, 0,  0, 0,  0, 0,  0, 0,  0, 0,  0, 0,  0, 0,},
{ 0, 0, 33,33,  0, 0, 33,33,  0, 0, 33,33,  0, 0,  0, 0, 12,12,  0, 0, 62,62, 72,72,  8, 8, 63,63, 73,73, 73,73,  0, 0,  0, 0,  0, 0,  0, 0,  0, 0,  0, 0,  0, 0,  0, 0,  0, 0,},
{ 0, 0, 31,31,  0, 0, 31,31,  0, 0, 31,31,  0, 0,  0, 0, 12,12,  0, 0, 62,62, 72,72, 12,12, 63,63, 73,73, 73,73,  0, 0,  0, 0,  0, 0,  0, 0,  0, 0,  0, 0,  0, 0,  0, 0,  0, 0,},
{ 1, 1, 31,31,  1, 1, 31,31,  1, 1, 31,31,  0, 0,  0, 0, 12,12,  0, 0,  0, 0,  0, 0, 12,12,  0, 0,  0, 0,  0, 0,  0, 0,  0, 0,  0, 0,  0, 0,  0, 0,  0, 0,  0, 0,  0, 0,  0, 0,},
{ 2, 2, 31,31,  2, 2, 31,31,  2, 2, 31,31,  0, 0,  0, 0,  7, 7,  0, 0,  0, 0,  0, 0,  7, 7,  0, 0,  0, 0,  0, 0,  0, 0,  0, 0,  0, 0,  0, 0,  0, 0,  0, 0,  0, 0,  0, 0,  0, 0,},
{ 0, 0, 31,31,  0, 0, 31,31,  0, 0, 31,31,  0, 0,  8, 8, 64,64, 74,74, 74,74, 74,74,  1, 1,  0, 0,  0, 0,  0, 0,  0, 0,  0, 0,  0, 0,  0, 0,  0, 0,  0, 0,  0, 0,  0, 0,  0, 0,},
{ 0, 0, 31,31,  0, 0, 31,31,  0, 0, 31,31,  0, 0, 12,12, 64,64, 74,74, 74,74, 74,74,  2, 2,  0, 0,  0, 0,  0, 0,  0, 0,  0, 0,  0, 0,  0, 0,  0, 0,  0, 0,  0, 0,  0, 0,  0, 0,},
{ 1, 1, 31,31, 18,18, 31,31,  0, 0, 31,31,  0, 0, 12,12,  0, 0,  0, 0,  0, 0, 24,24,  0, 0,  0, 0,  0, 0,  0, 0,  0, 0,  0, 0, 62,62, 72,72,  0, 0,  0, 0,  0, 0,  0, 0,  0, 0,},
{ 2, 2, 31,31, 18,18, 31,31,  0, 0, 31,31,  0, 0, 12,12,  0, 0,  0, 0,  0, 0, 24,24,  0, 0,  0, 0,  0, 0,  0, 0,  0, 0,  0, 0, 62,62, 72,72,  0, 0,  0, 0,  0, 0,  0, 0,  0, 0,},
{ 0, 0, 31,31,  0, 0, 31,31,  0, 0, 31,31,  0, 0, 12,12,  0, 0,  8, 8, 62,62, 72,72,  9,10,  0, 0,  0, 0,  0, 0,  0, 0,  0, 0, 25,25,  0, 0,  0, 0,  0, 0,  0, 0,  0, 0,  0, 0,},
{ 0, 0, 32,32,  0, 0, 31,31,  0, 0, 32,32,  0, 0, 12,12,  0, 0, 12,12, 62,62, 72,72,  2, 1,  0, 0,  0, 0,  0, 0,  0, 0,  0, 0, 25,25,  0, 0,  0, 0,  0, 0,  0, 0,  0, 0,  0, 0,},
{ 4, 5,  1, 1, 20, 0, 31,31,  0, 0,  0, 0,  1, 1, 12,12,  0, 0, 12,12,  0, 0,  0, 0, 62,62, 72,72,  0, 0,  0, 0,  0, 0, 64,64, 74,74, 74,74, 74,74,  1, 1,  0, 0,  0, 0,  0, 0,},
{ 1, 2,  2, 2,  2,20, 32,32,  0, 0,  0, 0,  2, 2,  7, 7,  0, 0,  7, 7,  0, 0,  0, 0, 62,62, 72,72, 40,40, 38,38, 39,39, 64,64, 74,74, 74,74, 74,74,  2, 2,  0, 0,  0, 0,  0, 0,},
};

uint16_t Level_03_Items[] = {
41,                             // ItemType::Chakana
480,                             // Position X
16,                             // Position Y
9,                             // Frame
0,                             // Data
0,                             // Counter

9,                             // ItemType::PinchBar
256,                             // Position X
112,                             // Position Y
0,                             // Frame
0,                             // Data
0,                             // Counter

51,                             // ItemType::LifeSaver
144,                             // Position X
80,                             // Position Y
0,                             // Frame
0,                             // Data
0,                             // Counter

2,                             // ItemType::WoodenBarrier
320,                             // Position X
32,                             // Position Y
0,                             // Frame
0,                             // Data
0,                             // Counter

5,                             // ItemType::Hammer
384,                             // Position X
96,                             // Position Y
0,                             // Frame
0,                             // Data
0,                             // Counter

11,                             // ItemType::MysteryCrate
432,                             // Position X
16,                             // Position Y
0,                             // Frame
0,                             // Data
0,                             // Counter

17,                             // ItemType::???
432,                             // Position X
16,                             // Position Y
0,                             // Frame
0,                             // Data
0,                             // Counter

63,                             // ItemType::Puff
0,                             // Position X
0,                             // Position Y
255,                             // Frame
0,                             // Data
0,                             // Counter
};

uint16_t Level_03_Enemies[] = {
0                            // EnemyType::None
0,                             // Position X
0,                             // Position Y
0,                             // Stance::Enemy_None
0,                             // Inventory ItemType::None

0                            // EnemyType::None
0,                             // Position X
0,                             // Position Y
0,                             // Stance::Enemy_None
0,                             // Inventory ItemType::None

0                            // EnemyType::None
0,                             // Position X
0,                             // Position Y
0,                             // Stance::Enemy_None
0,                             // Inventory ItemType::None

0                            // EnemyType::None
0,                             // Position X
0,                             // Position Y
0,                             // Stance::Enemy_None
0,                             // Inventory ItemType::None
};

uint16_t Level_03_PlayerStart[] = {
0,
0,
107,
};