uint8_t Level_04[] = {
{ 0, 0,  0, 0,  0, 0,  0, 0,  0, 0,  0, 0, 43,43,  1, 1,  1, 1,  1, 1,  1, 1,  1, 1,  1, 1,  1, 1,  1, 1,  1, 1,  1, 1,  1, 1,  1, 1,  1, 1,  1, 1,  1, 1,  1, 1,  0, 0,  0, 0,},
{ 0, 0,  0, 0,  0, 0,  0, 0,  0, 0,  0, 0, 43,43,  2, 2,  2, 2,  2, 2,  2, 2,  2, 2,  2, 2,  2, 2,  2, 2,  2, 2,  2, 2,  2, 2,  2, 2,  2, 2,  2, 2,  2, 2,  2, 2,  0, 0,  0, 0,},
{ 0, 0,  0, 0,  0, 0,  0, 0,  0, 0,  0, 0,  0, 0,  0, 0,  0, 0,  0, 0,  0, 0,  0, 0, 33,33,  0, 0, 36,37,  0, 0,  0, 0,  1, 1,  0, 0,  0, 0,  0, 0, 33,33,  0, 0,  1, 1,  1, 1,},
{ 0, 0,  0, 0,  0, 0,  0, 0,  0, 0,  0, 0,  0, 0,  0, 0,  0, 0,  0, 0,  0, 0,  0, 0, 31,31,  0, 0, 36,37,  0, 0,  0, 0,  2, 2,  0, 0,  0, 0,  0, 0, 31,31,  0, 0,  2, 2,  2, 2,},
{ 0, 0,  1, 1,  0, 0,  0, 0,  0, 0,  0, 0,  4, 5,  1, 1,  1, 1,  1, 1,  1, 1,  1, 1, 31,31,  1, 1,  1, 1,  1,19,  0, 0,  1, 1,  0, 0,  0,22,  1, 1, 31,31,  0, 0, 33,33,  1, 1,},
{ 0, 0,  2, 2,  0, 0,  0, 0,  0, 0,  0, 0,  1, 2,  2, 2,  2, 2,  2, 2,  2, 2,  2, 2, 31,31,  2, 2,  2, 2,  2, 2,  0, 0,  2, 2,  0, 0, 22, 2,  2, 2, 31,31,  0, 0, 31,31,  2, 2,},
{ 0, 0, 43,43,  1, 1,  1, 1,  1, 1,  1, 1,  1, 1,  0, 0,  0, 0,  0, 0,  0, 0,  1, 1, 31,31,  0, 0,  1, 1,  0, 0,  0, 0,  1, 1,  0, 0,  1, 1,  0, 0, 31,31,  1, 1, 31,31,  1, 1,},
{ 0, 0, 43,43,  2, 2,  2, 2,  2, 2,  2, 2,  2, 2,  0, 0,  0, 0,  0, 0,  0, 0,  2, 2, 31,31,  0, 0,  2, 2,  0, 0,  0, 0,  2, 2,  0, 0,  2, 2,  0, 0, 31,31,  2, 2, 31,31,  2, 2,},
{ 0, 0,  0, 0,  0, 0,  0, 0,  0, 0,  0, 0,  1, 1, 15,15, 15,15, 15,15, 15,15,  1, 1, 31,31,  0, 0,  1, 1,  8, 8,  1, 1,  1, 1,  0, 0,  0, 0,  0, 0, 31,31,  0, 0, 31,31,  1, 1,},
{ 0, 0,  0, 0,  0, 0,  0, 0,  0, 0,  0, 0,  2, 2,  0, 0,  0, 0,  0, 0,  0, 0,  2, 2, 31,31,  0, 0,  2, 2, 12,12,  2, 2,  2, 2,  0, 0,  0, 0,  0, 0, 32,32,  0, 0, 31,31,  2, 2,},
{ 1, 1, 15,15, 15,15, 15,15, 15,14,  0, 0,  0, 0,  0, 0,  0, 0,  0, 0,  0, 0,  0, 0, 31,31,  0, 0,  1, 1, 12,12,  0, 0,  1, 1,  1, 1,  0, 0,  0, 0,  0, 0,  1, 1, 31,31,  1, 1,},
{ 2, 2,  0, 0,  0, 0,  0, 0,  0,14,  0, 0,  0, 0,  0, 0,  0, 0,  3, 3,  0, 0,  0, 0, 32,32,  0, 0,  2, 2, 12,12,  0, 0,  2, 2,  2, 2,  0, 0,  0, 0,  0, 0,  2, 2, 31,31,  2, 2,},
{ 1, 1,  0, 0,  0, 0,  0, 0,  1, 1,  1, 1,  9,10,  0, 0, 16, 0,  1, 1, 16, 0,  4, 5,  1, 1,  1, 1,  1, 1, 12,12,  0, 0,  0, 0, 26,26,  0, 0,  0, 0,  0, 0,  0, 0, 31,31,  1, 1,},
{ 2, 2,  0, 0,  0, 0,  0, 0,  2, 2,  2, 2,  2, 1,  1, 1,  1, 1,  2, 2,  1, 1,  1, 2,  2, 2,  2, 2,  2, 2, 12,12,  0, 0,  0, 0, 26,26,  0, 0, 23,23,  0, 0,  0, 0, 32,32,  2, 2,},
{ 1, 1,  0, 0, 16, 0,  0, 0,  1, 1, 18,18,  2, 2,  2, 2,  1, 1,  1, 1,  1, 1,  2, 2, 18,18, 41,41,  0, 0, 12,12,  0, 0,  4, 5, 18,18,  2, 2,  1, 1,  2, 2,  2, 2,  1, 1,  1, 1,},
{ 2, 2,  1, 1,  1, 1,  1, 1,  2, 2, 18,18,  50, 50,  51, 51,  2, 2,  2, 2,  2, 2,  49, 49, 18,18, 41,41,  0, 0,  7, 7,  0, 0,  1, 2, 18,18,  49, 49,  2, 2,  50, 50,  51, 51,  2, 2,  2, 2,},
};

uint16_t Level_04_Items[] = {
41,                             // ItemType::Chakana
432,                             // Position X
48,                             // Position Y
9,                             // Frame
0,                             // Data
0,                             // Counter

0,                             // ItemType::Key1
176,                             // Position X
80,                             // Position Y
0,                             // Frame
0,                             // Data
0,                             // Counter

14,                             // ItemType::LockedDoor
432,                             // Position X
16,                             // Position Y
0,                             // Frame
0,                             // Data
0,                             // Counter

3,                             // ItemType::TrapDoor
272,                             // Position X
96,                             // Position Y
0,                             // Frame
0,                             // Data
0,                             // Counter

4,                             // ItemType::Punji
464,                             // Position X
16,                             // Position Y
0,                             // Frame
0,                             // Data
0,                             // Counter

61,                             // ItemType::Poker
352,                             // Position X
0,                             // Position Y
0,                             // Frame
0,                             // Data
0,                             // Counter

43,                             // ItemType::Lever_LH
208,                             // Position X
80,                             // Position Y
0,                             // Frame
1,                             // Data
0,                             // Counter

47,                             // ItemType::Lever_Portal_Auto_Closed
368,                             // Position X
96,                             // Position Y
0,                             // Frame
1600,                             // Data
0,                             // Counter

63,                             // ItemType::Puff
0,                             // Position X
0,                             // Position Y
255,                             // Frame
0,                             // Data
0,                             // Counter
};

uint16_t Level_04_Enemies[] = {
4                            // EnemyType::Guard_RH
160,                             // Position X
96,                             // Position Y
1125,                             // Stance::Enemy_Sword_Stationary_RH
0,                             // Inventory ItemType::Glint_Hidden
0,                              // Data

0                            // EnemyType::None
0,                             // Position X
0,                             // Position Y
0,                             // Stance::Enemy_None
0,                             // Inventory ItemType::None
0,                             // IData

0                            // EnemyType::None
0,                             // Position X
0,                             // Position Y
0,                             // Stance::Enemy_None
0,                             // Inventory ItemType::None
0,                             // IData

0                            // EnemyType::None
0,                             // Position X
0,                             // Position Y
0,                             // Stance::Enemy_None
0,                             // Inventory ItemType::None
0,                             // IData
};