uint8_t Level_12[] = {
{ 0, 0,  0, 0,  0, 0,  0, 0,  0, 0,  0, 0,  0, 0, 33,33,  0, 0,  0, 0,  0, 0, 33,33,  0, 0,  0, 0, 25,25,  0, 0, 33,33,  0, 0, 33,33,  0, 0,  0, 0,  0, 0,  0, 0,  0, 0, 33,33,},
{ 0, 0,  0, 0,  0, 0,  0, 0,  0, 0,  0, 0,  0, 0, 31,31,  0, 0,  0, 0,  0, 0, 31,31,  0, 0,  0, 0, 25,25,  0, 0, 31,31,  0, 0, 31,31,  0, 0,  0, 0,  0, 0,  0, 0,  0, 0, 31,31,},
{ 0, 0,  0, 0,  0, 0,  0, 0,  0, 0,  0, 0,  0, 0, 31,31,  0, 0,  0, 0,  0, 0, 31,31,  0, 0,  0, 5,  1, 1,  1, 1, 31,31,  1, 1, 31,31,  1, 1,  0, 0,  0, 0,  0, 0,  1, 1, 31,31,},
{ 0, 0,  0, 0,  0, 0,  0, 0, 53,53,  0, 0,  0, 0, 31,31,  0, 0,  0, 0,  0, 0, 31,31,  0, 0,  6, 2,  2, 2,  2, 2, 31,31,  2, 2, 31,31,  2, 2, 39,39, 38,38, 40,40,  2, 2, 31,31,},
{ 0, 0,  0, 5,  1, 1,  1, 1,  1, 1,  1, 1,  1, 1, 31,31,  1, 1,  1, 1,  1, 1, 31,31,  1, 1, 42,42,  0, 0,  0, 0, 31,31,  1, 1, 31,31,  1, 1,  1, 1,  1, 1,  1, 1,  1, 1, 31,31,},
{ 0, 0,  6, 2,  2, 2,  2, 2,  2, 2,  2, 2,  2, 2, 32,32,  2, 2,  2, 2,  2, 2, 32,32,  2, 2, 42,42,  0, 0,  0, 0, 32,32,  2, 2, 31,31,  2, 2,  2, 2,  2, 2,  2, 2,  2, 2, 31,31,},
{ 8, 8,  1, 1,  1, 1,  0, 0,  0, 0,  0, 0,  1, 1,  0, 0,  0, 0, 33,33,  0, 0,  0, 0,  1, 1,  0, 0,  8, 8,  1, 1,  1, 1,  1, 1, 31,31,  0, 0,  0, 0,  0, 0,  0, 0,  0, 0, 31,31,},
{12,12,  2, 2,  2, 2,  0, 0,  0, 0,  0, 0,  2, 2,  0, 0,  0, 0, 31,31,  0, 0,  0, 0,  2, 2,  0, 0, 12,12,  2, 2,  2, 2,  2, 2, 32,32,  0, 0,  0, 0,  0, 0,  0, 0,  0, 0, 31,31,},
{12,12,  0, 0, 34,35,  0, 0,  0, 0,  0, 0,  1, 1,  1, 1,  1, 1, 31,31,  1, 1,  1, 1,  1, 1,  0, 0, 12,12,  0, 0,  0, 0,  1, 1,  0, 0,  0, 0,  0, 0,  0, 0,  0, 0,  0, 0, 31,31,},
{12,12,  0, 0, 34,35,  0, 0,  0, 0,  0, 0,  2, 2,  2, 2,  2, 2, 31,31,  2, 2,  2, 2,  2, 2,  0, 0,  7, 7,  0, 0,  0, 0,  2, 2,  0, 0,  0, 0,  0, 0,  0, 0,  0, 0,  0, 0, 31,31,},
{12,12,  1, 1,  1, 1,  8, 8,  1, 1,  0, 0,  1, 1,  0, 0,  0, 0, 31,31,  0, 0,  0, 0,  1, 1,  1, 1,  1, 1, 12,12,  1, 1,  1, 1,  1, 1,  0, 0,  1, 1,  0, 0,  1, 1,  1, 1, 31,31,},
{12,12,  2, 2,  2, 2, 12,12,  2, 2,  0, 0,  2, 2,  0, 0,  0, 0, 32,32,  0, 0,  0, 0,  2, 2,  2, 2,  2, 2, 12,12,  2, 2,  2, 2,  2, 2,  0, 0,  2, 2,  0, 0,  2, 2,  2, 2, 32,32,},
{12,12,  0, 0,  1, 1, 12,12,  0, 0,  0, 0,  0, 0,  0, 0,  0, 0,  0, 0,  0, 0,  0, 0,  0, 0,  0, 0,  0, 0, 12,12,  0, 0, 25,25,  0, 0,  0, 0,  0, 0,  0, 0,  0, 0,  0, 0,  0, 0,},
{12,12,  0, 0,  2, 2, 12,12,  0, 0,  0, 0,  0, 0,  0, 0,  0, 0,  0, 0,  0, 0,  0, 0,  0, 0,  0, 0,  0, 0, 12,12,  0, 0, 25,25,  0, 0,  0, 0,  0, 0,  0, 0,  0, 0,  0, 0,  0, 0,},
{12,12,  0, 0, 18,18, 12,12,  0, 0,  4, 5,  1, 1, 27,27, 27,27,  1, 1, 28,28, 28,28,  1, 1,  9,10,  0, 0, 12,12,  0, 0, 25,25,  1, 1,  0, 0,  0, 0,  0, 0,  1, 1,  2, 2,  2, 2,},
{ 7, 7,  0, 0, 18,18,  7, 7,  0, 0,  1, 2,  2, 2,  2, 2,  2, 2,  2, 2,  2, 2,  2, 2,  2, 2,  2, 1,  0, 0,  7, 7,  0, 0, 25,25,  2, 2, 40,40, 38,38, 39,39,  2, 2,  50, 50,  51, 51,},
};

uint16_t Level_12_Items[] = {
11,                             // ItemType::MysteryCrate
416,                             // Position X
16,                             // Position Y
0,                             // Frame
17,                              // Data
0,                             // Counter

11,                             // ItemType::MysteryCrate
416,                             // Position X
0,                             // Position Y
0,                             // Frame
17,                              // Data
0,                             // Counter

9,                             // ItemType::PinchBar
208,                             // Position X
48,                             // Position Y
0,                             // Frame
0,                             // Data
0,                             // Counter

11,                             // ItemType::MysteryCrate
368,                             // Position X
112,                             // Position Y
0,                             // Frame
55,                              // Data
0,                             // Counter

41,                             // ItemType::Chakana
432,                             // Position X
16,                             // Position Y
9,                             // Frame
0,                             // Data
0,                             // Counter

12,                             // ItemType::Potion
176,                             // Position X
96,                             // Position Y
0,                             // Frame
0,                             // Data
0,                             // Counter

20,                             // ItemType::Flame
208,                             // Position X
96,                             // Position Y
0,                             // Frame
0,                             // Data
0,                             // Counter

59,                             // ItemType::Chakana_Small
464,                             // Position X
48,                             // Position Y
9,                             // Frame
5,                             // Data
0,                             // Counter

44,                             // ItemType::Lever_RH
352,                             // Position X
48,                             // Position Y
0,                             // Frame
1,                             // Data
0,                             // Counter

45,                             // ItemType::Lever_Portal_Closed
176,                             // Position X
48,                             // Position Y
0,                             // Frame
0,                             // Data
0,                             // Counter

63,                             // ItemType::Puff
0,                             // Position X
0,                             // Position Y
255,                             // Frame
0,                             // Data
0,                             // Counter
};

uint16_t Level_12_Enemies[] = {
1                            // EnemyType::Archer
288,                             // Position X
96,                             // Position Y
1020,                             // Stance::Enemy_Walk_Bow_LH_00
23,                             // Inventory ItemType::Arrow_LH_Hidden
,                              // Data

0                            // EnemyType::None
0,                             // Position X
0,                             // Position Y
0,                             // Stance::Enemy_None
0,                             // Inventory ItemType::None
0,                             // IData

0                            // EnemyType::None
0,                             // Position X
0,                             // Position Y
0,                             // Stance::Enemy_None
0,                             // Inventory ItemType::None
0,                             // IData

0                            // EnemyType::None
0,                             // Position X
0,                             // Position Y
0,                             // Stance::Enemy_None
0,                             // Inventory ItemType::None
0,                             // IData
};