
    uint16_t Port_Coords[] = { 
    
        16128, 24576,     // Port 0     63,96
        6144, 42496,      // Port 1     24,166
        13824, 61184,     // Port 2     54,239
        46080, 54272,     // Port 3     180,212
        15872, 20481,     // Port 4     62,336
        38656, 2561,      // Port 5     151,266
        53504, 27905,     // Port 6     209,365        
        7169, 4353,       // Port 7     284,273        
        19457, 20993,     // Port 8     332,338        
        26369, 51200,     // Port 9     359,200        
        25089, 33024,     // Port 10    354,129
        8705, 15616,      // Port 11    290,61
        57344, 27648      // Port 12    224,108
        35840, 3584,      // Port 13    140,14
    
    };


    uint16_t PortNames_Coords[] = { 

        7168, 24320, // Port 0
        7424, 41984, // Port 1
        15360, 60928, // Port 2
        48640, 53248, // Port 3
//        17152, 19969, // Port 4
        5120, 19969, // Port 4
        39936, 2305, // Port 5
        45824, 26625, // Port 6
        1, 5121, // Port 7
        11521, 20737, // Port 8
        18177, 50688, // Port 9
        17409, 32768, // Port 10
        513, 15104, // Port 11
        49408, 27136, // Port 12
        37632, 3072, // Port 13
    };

    uint16_t BeachDetails[] = {

        256, 11264, 16384, // Port 0
        256, 0, 34816, // Port 1
        256, 0, 53248, // Port 2
        0, 22528, 46080, // Port 3
        256, 7168, 13313, // Port 4
        0, 13312, 60416, // Port 5
        0, 29696, 13313, // Port 6
        0, 47104, 62464, // Port 7
        0, 1, 13313, // Port 8
        0, 1, 43008, // Port 9
        0, 1, 24576, // Port 10
        0, 52224, 8192, // Port 11
        0, 34816, 20480, // Port 12
        0, 11264, 0, // Port 13

    }

    uint8_t PortCosts[] = {

        {0, 18, 30, 44, 62, 64, 84, 100, 114, 130, 134, 146, 159, 177, 179, 0, 0, 0, 0, 0, 0, 0, 0, 0, 0, 0, 0, 0, 0}, // Base
        {18, 0, 12, 26, 44, 46, 66, 82, 96, 112, 116, 128, 141, 159, 161, 179, 0, 0, 0, 0, 0, 0, 0, 0, 0, 0, 0, 0, 0}, // 0
        {30, 12, 0, 14, 32, 34, 54, 70, 84, 100, 104, 116, 129, 147, 149, 167, 179, 0, 0, 0, 0, 0, 0, 0, 0, 0, 0, 0, 0}, // 1
        {44, 26, 14, 0, 18, 20, 40, 56, 70, 86, 90, 102, 115, 133, 135, 153, 165, 179, 0, 0, 0, 0, 0, 0, 0, 0, 0, 0, 0}, // 2
        {62, 44, 32, 18, 0, 18, 38, 54, 68, 84, 88, 100, 113, 131, 133, 151, 163, 177, 195, 0, 0, 0, 0, 0, 0, 0, 0, 0, 0}, // 3
        {64, 46, 34, 20, 18, 0, 20, 36, 50, 66, 70, 82, 95, 113, 115, 133, 145, 159, 177, 179, 0, 0, 0, 0, 0, 0, 0, 0, 0}, // 4
        {84, 66, 54, 40, 38, 20, 0, 16, 30, 46, 50, 62, 75, 93, 95, 113, 125, 139, 157, 159, 179, 0, 0, 0, 0, 0, 0, 0, 0}, // 5
        {100, 82, 70, 56, 54, 36, 16, 0, 14, 30, 34, 46, 59, 77, 79, 97, 109, 123, 141, 143, 163, 179, 0, 0, 0, 0, 0, 0, 0}, // 6
        {114, 96, 84, 70, 68, 50, 30, 14, 0, 16, 20, 32, 45, 63, 65, 83, 95, 109, 127, 129, 149, 165, 179, 0, 0, 0, 0, 0, 0}, // 7
        {130, 112, 100, 86, 84, 66, 46, 30, 16, 0, 18, 30, 43, 61, 63, 81, 93, 107, 125, 127, 147, 163, 177, 193, 0, 0, 0, 0, 0}, // 8
        {134, 116, 104, 90, 88, 70, 50, 34, 20, 18, 0, 12, 25, 43, 45, 63, 75, 89, 107, 109, 129, 145, 159, 175, 179, 0, 0, 0, 0}, // 9
        {146, 128, 116, 102, 100, 82, 62, 46, 32, 30, 12, 0, 13, 31, 33, 51, 63, 77, 95, 97, 117, 133, 147, 163, 167, 179, 0, 0, 0}, // 10
        {159, 141, 129, 115, 113, 95, 75, 59, 45, 43, 25, 13, 0, 18, 20, 38, 50, 64, 82, 84, 104, 120, 134, 150, 154, 166, 179, 0, 0}, // 11
        {177, 159, 147, 133, 131, 113, 93, 77, 63, 61, 43, 31, 18, 0, 18, 36, 48, 62, 80, 82, 102, 118, 132, 148, 152, 164, 177, 195, 0}, // 12
        {179, 161, 149, 135, 133, 115, 95, 79, 65, 63, 45, 33, 20, 18, 0, 18, 30, 44, 62, 64, 84, 100, 114, 130, 134, 146, 159, 177, 179}, // 13
        {0, 179, 167, 153, 151, 133, 113, 97, 83, 81, 63, 51, 38, 36, 18, 0, 12, 26, 44, 46, 66, 82, 96, 112, 116, 128, 141, 159, 161}, // 0
        {0, 0, 179, 165, 163, 145, 125, 109, 95, 93, 75, 63, 50, 48, 30, 12, 0, 14, 32, 34, 54, 70, 84, 100, 104, 116, 129, 147, 149}, // 1
        {0, 0, 0, 179, 177, 159, 139, 123, 109, 107, 89, 77, 64, 62, 44, 26, 14, 0, 18, 20, 40, 56, 70, 86, 90, 102, 115, 133, 135}, // 2
        {0, 0, 0, 0, 195, 177, 157, 141, 127, 125, 107, 95, 82, 80, 62, 44, 32, 18, 0, 18, 38, 54, 68, 84, 88, 100, 113, 131, 133}, // 3
        {0, 0, 0, 0, 0, 179, 159, 143, 129, 127, 109, 97, 84, 82, 64, 46, 34, 20, 18, 0, 20, 36, 50, 66, 70, 82, 95, 113, 115}, // 4
        {0, 0, 0, 0, 0, 0, 179, 163, 149, 147, 129, 117, 104, 102, 84, 66, 54, 40, 38, 20, 0, 16, 30, 46, 50, 62, 75, 93, 95}, // 5
        {0, 0, 0, 0, 0, 0, 0, 179, 165, 163, 145, 133, 120, 118, 100, 82, 70, 56, 54, 36, 16, 0, 14, 30, 34, 46, 59, 77, 79}, // 6
        {0, 0, 0, 0, 0, 0, 0, 0, 179, 177, 159, 147, 134, 132, 114, 96, 84, 70, 68, 50, 30, 14, 0, 16, 20, 32, 45, 63, 65}, // 7
        {0, 0, 0, 0, 0, 0, 0, 0, 0, 193, 175, 163, 150, 148, 130, 112, 100, 86, 84, 66, 46, 30, 16, 0, 18, 30, 43, 61, 63}, // 8
        {0, 0, 0, 0, 0, 0, 0, 0, 0, 0, 179, 167, 154, 152, 134, 116, 104, 90, 88, 70, 50, 34, 20, 18, 0, 12, 25, 43, 45}, // 9
        {0, 0, 0, 0, 0, 0, 0, 0, 0, 0, 0, 179, 166, 164, 146, 128, 116, 102, 100, 82, 62, 46, 32, 30, 12, 0, 13, 31, 33}, // 10
        {0, 0, 0, 0, 0, 0, 0, 0, 0, 0, 0, 0, 179, 177, 159, 141, 129, 115, 113, 95, 75, 59, 45, 43, 25, 13, 0, 18, 20}, // 11
        {0, 0, 0, 0, 0, 0, 0, 0, 0, 0, 0, 0, 0, 195, 177, 159, 147, 133, 131, 113, 93, 77, 63, 61, 43, 31, 18, 0, 18}, // 12
        {0, 0, 0, 0, 0, 0, 0, 0, 0, 0, 0, 0, 0, 0, 179, 161, 149, 135, 133, 115, 95, 79, 65, 63, 45, 33, 20, 18, 0}, // 13

    };