uint8_t Level_00[] = {
{ 0, 0,  0, 0,  0, 0,  0, 0,  0, 0,  0, 0,  0, 0,  0, 0,  0, 0,  0, 0,  0, 0,  0, 0,  0, 0,  0, 0,  0, 0,  0, 0,  0, 0,  0, 0,  0, 0,  0, 0,  0, 0,  0, 0,  0, 0,  0, 0,  0, 0,},
{ 0, 0,  0, 0,  0, 0,  0, 0,  0, 0,  0, 0,  0, 0,  0, 0,  0, 0,  0, 0,  0, 0,  0, 0,  0, 0,  0, 0,  0, 0,  0, 0,  0, 0,  0, 0,  0, 0,  0, 0,  0, 0,  0, 0,  0, 0,  0, 0,  0, 0,},
{ 0, 0,  0, 0,  0, 0,  0, 0,  0, 0,  0, 0,  0, 0,  0, 0,  0, 0,  0, 0,  0, 0,  0, 0,  0, 0,  0, 0,  0, 0,  0, 0,  0, 0,  0, 0,  0, 0,  0, 0,  0, 0,  0, 0,  0, 0,  0, 0,  0, 0,},
{ 0, 0,  0, 0,  0, 0,  0, 0,  0, 0,  0, 0,  0, 0,  0, 0,  0, 0,  0, 0,  0, 0,  0, 0,  0, 0,  0, 0,  0, 0,  0, 0,  0, 0,  0, 0,  0, 0,  0, 0,  0, 0,  0, 0,  0, 0,  0, 0,  0, 0,},
{ 0, 0,  0, 0,  0, 0,  0, 0,  0, 0,  0, 0,  0, 0,  0, 0,  0, 0,  0, 0,  0, 0,  0, 0,  0, 0,  0, 0,  0, 0,  0, 0,  0, 0,  0, 0,  0, 0,  0, 0,  0, 0,  0, 0,  0, 0,  0, 0,  0, 0,},
{ 0, 0,  0, 0,  0, 0,  0, 0,  0, 0,  0, 0,  0, 0,  0, 0,  0, 0,  0, 0,  0, 0,  0, 0,  0, 0,  0, 0,  0, 0,  0, 0,  0, 0,  0, 0,  0, 0,  0, 0,  0, 0,  0, 0,  0, 0,  0, 0,  0, 0,},
{ 0, 0,  0, 0,  0, 0,  0, 0,  0, 0,  0, 0,  0, 0,  0, 0,  0, 0,  0, 0,  0, 0,  0, 0,  0, 0,  0, 0,  0, 0,  0, 0,  0, 0,  0, 0,  0, 0,  0, 0,  0, 0,  0, 0,  0, 0,  0, 0,  0, 0,},
{ 0, 0,  0, 0,  0, 0,  0, 0,  0, 0,  0, 0,  0, 0,  0, 0,  0, 0,  0, 0,  0, 0,  0, 0,  0, 0,  0, 0,  0, 0,  0, 0,  0, 0,  0, 0,  0, 0,  0, 0,  0, 0,  0, 0,  0, 0,  0, 0,  0, 0,},
{ 0, 0,  0, 0,  0, 0,  0, 0,  0, 0,  0, 0,  0, 0,  0, 0,  0, 0,  0, 0,  0, 0,  0, 0,  0, 0,  0, 0,  0, 0,  0, 0,  0, 0,  0, 0,  0, 0,  0, 0,  0, 0,  0, 0,  0, 0,  0, 0,  0, 0,},
{ 0, 0,  0, 0,  0, 0,  0, 0,  0, 0,  0, 0,  0, 0,  0, 0,  0, 0,  0, 0,  0, 0,  0, 0,  0, 0,  0, 0,  0, 0,  0, 0,  0, 0,  0, 0,  0, 0,  0, 0,  0, 0,  0, 0,  0, 0,  0, 0,  0, 0,},
{ 0, 0,  0, 0,  0, 0,  0, 0,  0, 0,  0, 0,  0, 0,  0, 0,  0, 0,  0, 0,  0, 0,  0, 0,  0, 0,  0, 0,  0, 0,  0, 0,  0, 0,  0, 0,  0, 0,  0, 0,  0, 0,  0, 0,  0, 0,  0, 0,  0, 0,},
{ 0, 0,  0, 0,  0, 0,  0, 0,  0, 0,  0, 0,  0, 0,  0, 0,  0, 0,  0, 0,  0, 0,  0, 0,  0, 0,  0, 0,  0, 0,  0, 0,  0, 0,  0, 0,  0, 0,  0, 0,  0, 0,  0, 0,  0, 0,  0, 0,  0, 0,},
{ 0, 0,  0, 0,  0, 0,  0, 0,  0, 0,  0, 0,  0, 0,  0, 0,  0, 0,  0, 0,  0, 0,  0, 0,  0, 0,  0, 0,  0, 0,  0, 0,  0, 0,  0, 0,  0, 0,  0, 0,  0, 0,  0, 0,  0, 0,  0, 0,  0, 0,},
{ 0, 0,  0, 0,  0, 0,  0, 0,  0, 0,  0, 0,  0, 0,  0, 0,  0, 0,  0, 0,  0, 0,  0, 0,  0, 0,  0, 0,  0, 0,  0, 0,  0, 0,  0, 0,  0, 0,  0, 0,  0, 0,  0, 0,  0, 0,  0, 0,  0, 0,},
{ 0, 0,  0, 0,  0, 0,  0, 0,  0, 0,  0, 0,  0, 0,  0, 0,  0, 0,  0, 0,  0, 0,  0, 0,  0, 0,  0, 0,  0, 0,  0, 0,  0, 0,  0, 0,  0, 0,  0, 0,  0, 0,  0, 0,  0, 0,  0, 0,  0, 0,},
{ 0, 0,  0, 0,  0, 0,  0, 0,  0, 0,  0, 0,  0, 0,  0, 0,  0, 0,  0, 0,  0, 0,  0, 0,  0, 0,  0, 0,  0, 0,  0, 0,  0, 0,  0, 0,  0, 0,  0, 0,  0, 0,  0, 0,  0, 0,  0, 0,  0, 0,},
};

uint16_t Level_00_Items[] = {
26,                             // ItemType::Sword
48,                             // Position X
0,                             // Position Y
0,                             // Frame
0,                             // Data
0,                             // Counter

59,                             // ItemType::Chakana_Small
96,                             // Position X
0,                             // Position Y
9,                             // Frame
0,                             // Data
0,                             // Counter

61,                             // ItemType::Puff
0,                             // Position X
0,                             // Position Y
255,                             // Frame
0,                             // Data
0,                             // Counter
};

uint16_t Level_00_Enemies[] = {
3                            // EnemyType::SwordFighter
146,                             // Position X
0,                             // Position Y
959,                             // Stance::Enemy_Sword_Stationary_LH
50,                             // Inventory ItemType::Glint_Hidden

0                            // EnemyType::None
0,                             // Position X
0,                             // Position Y
0,                             // Stance::Enemy_None
0,                             // Inventory ItemType::None

0                            // EnemyType::None
0,                             // Position X
0,                             // Position Y
0,                             // Stance::Enemy_None
0,                             // Inventory ItemType::None

0                            // EnemyType::None
0,                             // Position X
0,                             // Position Y
0,                             // Stance::Enemy_None
0,                             // Inventory ItemType::None
};

uint16_t Level_00_PlayerStart[] = {
0,
0,
107,
};